version https://git-lfs.github.com/spec/v1
oid sha256:d79a709e6c5c93f0d9d2f33bda9c0e85a270afca094e166cd56ccac210fa22f0
size 161776154
